1073741824S,0C
0 0
56437 1
22386 1
2027 1
2027 1
4426 1
62681 1
48852 1
15246 1
8803 1
254799 1
255546 1
255552 1
8947 1
15529 1
15547 1
71915 1
9531 1
2463 1
2158 1
15545 1
6335 1
23196 1
4847 1
16582 1
152210 1
152273 1
17112 1
17181 1
14379 1
43176 1
3774 1
2556 1
2546 1
58894 1
5954096 1
980 1
63323 1
4920 1
5869 1
18626 1
280271 1
8684 1
12927 1
22442 1
5161 1
8788 1
652332 1
22070 1
569980 1
10816 1
1033 1
1032 1
-22440 -1
1688 1
1103 1
49943 1
1475205 1
401608 1
1303349 1
404035 1
3030218 1
331371 1
1771454 1
1124236 1
2060230 1
892674 1
999 1
21990 1
61015 1
466643 1
404467 1
570342 1
45389 1
1905 1
2502594 1
2058814 1
1160 1
1160 1
-50707 -1
-1125 -1
-1494435 -1
12387 1
1469 1
-12554 -1
-2085619 -1
-2535168 -1
1457 1
-1967 -1
-2448978 -6
6065 1
2060311 1
173650 1
1088 1
881944 1
1076 1
2801 1
1730926 1
665774 1
701025 1
693412 1
1916 1
387374 1
664200 1
402061 1
725177 1
1074 1
1099 1
1081 1
1087 1
1073 1
1074 1
1073 1
1076 1
1070 1
1091 1
1052 1
1097 1
35204 1
36597 1
35269 1
35932 1
75004 1
75002 1
-76421 -1
-76419 -1
851392 1
277802 1
701128 1
1625239 1
249565 1
146280 1
-253277 -1
158284 1
-148633 -1
-160807 -1
45105 1
84098 1
-85642 -1
45356 1
78742 1
664843 1
-80213 -1
45365 1
45355 1
45249 1
46090 1
46210 1
-4187491 -17
-6052907 -10
-2981736 -3
1558851 1
569647 1
882054 1
664594 1
21993 1
1721898 1
1722002 1
1118814 1
224556 1
1105 1
7536 1
984 1
1118249 1
387396 1
1091611 1
2058675 1
811062 1
1529150 1
881999 1
12719 1
664386 1
207477 1
226673 1
1026846 1
14458 1
982 1
1062 1
1477 1
1475 1
-5430527 -8
-392512 -1
-13556854 -17
1114 1
1108 1
1108 1
48381 1
1415668 1
1106646 1
510538 1
390322 1
636268 1
1480 1
4253 1
6148 1
2486 1
1415640 1
374405 1
665143 1
1961100 1
-2660471 -2
-1813415 -2
1415656 1
3214569 1
409318 1
33731 1
1058 1
1058 1
5870 1
1257 1
1257 1
1042 1
1442 1
1443 1
1530 1
1556 1
1604 1
1535 1
1761 1
2802 1
1604 1
1566 1
1537 1
10443 1
14524 1
17763 1
21898 1
26142 1
26413 1
31244 1
34571 1
39031 1
3707 1
1585 1
1648 1
1605 1
1704 1
1555 1
14629 1
1610 1
1659 1
1570 1
42494 1
1256 1
1570 1
1576 1
13808 1
1706 1
1268 1
1229 1
1112 1
1299 1
1210 1
3286 1
1506487 1
145403 1
407086 1
1248 1
6199 1
587510 1
1526893 1
415846 1
654686 1
55681 1
1133581 1
1319772 1
587484 1
411364 1
3266 1
15959 1
1320207 1
14629 1
1626 1
1582 1
4789 1
1332 1
7689 1
1611 1
1610 1
1658 1
1652 1
1646 1
1556 1
3226 1
1779 1
1590 1
1555 1
1142 1
14625 1
3237 1
1872 1
14625 1
1212 1
3223915 1
593149 1
422884 1
228080 1
8796 1
700737 1
700678 1
3224290 1
3224349 1
120326 1
120264 1
1485431 1
1485494 1
1582822 1
1582765 1
1582952 1
1583010 1
828996 1
828939 1
42546 1
3224336 1
3224280 1
929210 1
929148 1
1425836 1
1425771 1
1508 1
1482 1
789542 1
789484 1
78170 1
78119 1
836834 1
836773 1
27875 1
1496 1
1480 1
1452 1
1083 1
15391 1
1040 1
276466 1
276401 1
3224319 1
270645 1
1425210 1
1425269 1
1521642 1
1521579 1
1523320 1
1523275 1
1205264 1
1205203 1
622767 1
622700 1
14599 1
14541 1
2989301 1
415283 1
342531 1
15839 1
1061153 1
1726948 1
1559 1
1496 1
