1073741824S,0C
0 0
56695 1
19832 1
20549 1
37091 1
17341 1
6544 1
36580 1
40259 1
21579 1
37610 1
24197 1
21783 1
45082 1
67560 1
90235 1
36391 1
29001 1
40036 1
21755 1
97888 1
67572 1
92916 1
47133 1
97216 1
21729 1
67491 1
89525 1
22941 1
96641 1
48082 1
67697 1
35770 1
95880 1
67743 1
98400 1
50485 1
67839 1
90773 1
67550 1
85347 1
90500 1
67965 1
44705 1
67801 1
92648 1
88761 1
67547 1
95479 1
67914 1
88853 1
67928 1
96429 1
67561 1
98137 1
35867 1
95346 1
67922 1
67749 1
90666 1
95870 1
67648 1
97012 1
67632 1
95091 1
67615 1
94380 1
67858 1
94629 1
103411 1
67771 1
72892 1
97155 1
28037 1
97109 1
36639 1
106425 1
